Empty Grid:
-------------------------------
|         |         |         |
|         |         |         |
|         |         |         |
|         |         |         |
|         |         |         |
|         |         |         |
|         |         |         |
|         |         |         |
|         |         |         |
-------------------------------
|         |         |         |
|         |         |         |
|         |         |         |
|         |         |         |
|         |         |         |
|         |         |         |
|         |         |         |
|         |         |         |
|         |         |         |
-------------------------------
|         |         |         |
|         |         |         |
|         |         |         |
|         |         |         |
|         |         |         |
|         |         |         |
|         |         |         |
|         |         |         |
|         |         |         |
-------------------------------

Parsed Input Grid:
-------------------------------
|         |         |         |
| 7     6 | 8     2 |       4 |
|         |         |         |
|         |         |         |
|         |    5    |    2    |
|         |         |         |
|         |         |         |
|    8    |    1    |         |
|         |         |         |
-------------------------------
|         |         |         |
|         |    8    |         |
|         |         |         |
|         |         |         |
|       4 |         | 3       |
|         |         |         |
|         |         |         |
|    6    | 7     9 |    1    |
|         |         |         |
-------------------------------
|         |         |         |
| 9       |         |       1 |
|         |         |         |
|         |         |         |
|    7    | 2     6 |    9    |
|         |         |         |
|         |         |         |
|         |       5 |         |
|         |         |         |
-------------------------------

Grid Unique Solution(s):
-------------------------------
|         |         |         |
| 7  1  6 | 8  3  2 | 9  5  4 |
|         |         |         |
|         |         |         |
| 4  3  9 | 6  5  7 | 1  2  8 |
|         |         |         |
|         |         |         |
| 5  8  2 | 9  1  4 | 7  3  6 |
|         |         |         |
-------------------------------
|         |         |         |
| 1  5  7 | 4  8  3 | 2  6  9 |
|         |         |         |
|         |         |         |
| 2  9  4 | 5  6  1 | 3  8  7 |
|         |         |         |
|         |         |         |
| 3  6  8 | 7  2  9 | 4  1  5 |
|         |         |         |
-------------------------------
|         |         |         |
| 9  2  5 | 3  7  8 | 6  4  1 |
|         |         |         |
|         |         |         |
| 8  7  1 | 2  4  6 | 5  9  3 |
|         |         |         |
|         |         |         |
| 6  4  3 | 1  9  5 | 8  7  2 |
|         |         |         |
-------------------------------
SUCCESS!
There is exactly 1 solution to the input grid.